1, 44, 0
1, 63, 0
1, 66, 0
1, 74, 0
1, 13, 0
1, 35, 0
1, 18, 0
1, 28, 0
1, 84, 0
1, 67, 0
1, 81, 0
1, 38, 0
1, 30, 0
1, 4, 0
1, 5, 0
1, 6, 0
1, 22, 0
1, 25, 0
1, 32, 0
1, 40, 0
1, 41, 0
1, 42, 0
1, 43, 0
1, 45, 0
1, 46, 0
1, 47, 0
1, 50, 0
1, 51, 0
1, 52, 0
1, 55, 0
1, 57, 0
1, 58, 0
1, 64, 0
1, 68, 0
1, 70, 0
1, 72, 0
1, 79, 0
1, 85, 0
1, 89, 0
1, 91, 0
1, 98, 0
1, 99, 0
2, 68, 0
2, 59, 0
2, 96, 0
2, 16, 0
2, 58, 0
2, 50, 0
2, 25, 0
2, 7, 0
2, 34, 0
2, 86, 0
2, 22, 0
2, 78, 0
2, 94, 0
2, 87, 0
2, 18, 0
2, 9, 0
2, 33, 0
2, 57, 0
2, 60, 0
2, 15, 0
2, 43, 0
2, 47, 0
2, 97, 0
2, 40, 0
2, 55, 0
2, 41, 0
2, 89, 0
2, 72, 0
2, 92, 0
2, 75, 0
2, 46, 0
2, 62, 0
2, 95, 0
2, 17, 0
2, 14, 0
2, 24, 0
2, 83, 0
2, 5, 0
2, 100, 0
2, 71, 0
2, 54, 0
2, 85, 0
2, 66, 0
2, 39, 0
2, 70, 0
2, 82, 0
2, 84, 0
2, 98, 0
2, 28, 0
2, 76, 0
2, 6, 0
2, 27, 0
2, 4, 0
2, 20, 0
2, 23, 0
2, 32, 0
2, 36, 0
2, 38, 0
2, 49, 0
2, 52, 0
2, 53, 0
2, 61, 0
2, 69, 0
2, 81, 0
2, 88, 0
3, 61, 0
3, 52, 0
3, 81, 0
3, 35, 0
3, 42, 0
3, 48, 0
3, 55, 0
3, 67, 0
3, 43, 0
3, 39, 0
3, 70, 0
3, 50, 0
3, 57, 0
3, 86, 0
3, 32, 0
3, 49, 0
3, 46, 0
3, 91, 0
3, 99, 0
3, 14, 0
3, 83, 0
3, 18, 0
3, 23, 0
3, 4, 0
3, 9, 0
3, 17, 0
3, 22, 0
3, 25, 0
3, 27, 0
3, 38, 0
3, 40, 0
3, 41, 0
3, 45, 0
3, 54, 0
3, 58, 0
3, 60, 0
3, 62, 0
3, 64, 0
3, 69, 0
3, 71, 0
3, 76, 0
3, 79, 0
3, 82, 0
3, 85, 0
3, 88, 0
3, 93, 0
3, 94, 0
3, 96, 0
4, 51, 0
4, 74, 0
4, 15, 0
4, 98, 0
4, 75, 0
4, 17, 0
4, 53, 0
4, 11, 0
4, 29, 0
4, 7, 0
4, 82, 0
4, 38, 0
4, 48, 0
4, 69, 0
4, 67, 0
4, 33, 0
4, 42, 0
4, 27, 0
4, 41, 0
4, 77, 0
4, 50, 0
4, 68, 0
4, 5, 0
4, 47, 0
4, 81, 0
4, 85, 0
4, 8, 0
4, 26, 0
4, 60, 0
4, 34, 0
4, 55, 0
4, 97, 0
4, 13, 0
4, 31, 0
4, 62, 0
4, 100, 0
4, 92, 0
4, 6, 0
4, 49, 0
4, 45, 0
4, 30, 0
4, 28, 0
4, 59, 0
4, 24, 0
4, 83, 0
4, 35, 0
4, 99, 0
4, 90, 0
4, 94, 0
4, 12, 0
4, 58, 0
4, 93, 0
4, 10, 0
4, 63, 0
4, 16, 0
4, 46, 0
4, 79, 0
4, 18, 0
4, 22, 0
4, 23, 0
4, 25, 0
4, 37, 0
4, 39, 0
4, 52, 0
4, 54, 0
4, 57, 0
4, 61, 0
4, 65, 0
4, 71, 0
4, 72, 0
4, 73, 0
4, 76, 0
4, 86, 0
4, 87, 0
4, 88, 0
4, 89, 0
4, 95, 0
4, 96, 0
5, 98, 0
5, 57, 0
5, 16, 0
5, 96, 0
5, 49, 0
5, 75, 0
5, 20, 0
5, 39, 0
5, 88, 0
5, 52, 0
5, 12, 0
5, 24, 0
5, 53, 0
5, 67, 0
5, 61, 0
5, 90, 0
5, 9, 0
5, 31, 0
5, 40, 0
5, 35, 0
5, 13, 0
5, 8, 0
5, 33, 0
5, 58, 0
5, 14, 0
5, 32, 0
5, 82, 0
5, 94, 0
5, 62, 0
5, 11, 0
5, 63, 0
5, 93, 0
5, 47, 0
5, 26, 0
5, 89, 0
5, 87, 0
5, 28, 0
5, 43, 0
5, 34, 0
5, 97, 0
5, 56, 0
5, 22, 0
5, 77, 0
5, 83, 0
5, 79, 0
5, 30, 0
5, 46, 0
5, 81, 0
5, 27, 0
5, 37, 0
5, 41, 0
5, 69, 0
5, 68, 0
5, 7, 0
5, 15, 0
5, 17, 0
5, 23, 0
5, 25, 0
5, 38, 0
5, 44, 0
5, 50, 0
5, 55, 0
5, 60, 0
5, 70, 0
5, 74, 0
5, 85, 0
5, 86, 0
5, 95, 0
5, 99, 0
6, 87, 0
6, 43, 0
6, 13, 0
6, 100, 0
6, 41, 0
6, 36, 0
6, 45, 0
6, 32, 0
6, 57, 0
6, 76, 0
6, 48, 0
6, 35, 0
6, 31, 0
6, 29, 0
6, 69, 0
6, 28, 0
6, 66, 0
6, 77, 0
6, 7, 0
6, 39, 0
6, 21, 0
6, 86, 0
6, 95, 0
6, 26, 0
6, 30, 0
6, 98, 0
6, 20, 0
6, 12, 0
6, 91, 0
6, 56, 0
6, 72, 0
6, 16, 0
6, 18, 0
6, 80, 0
6, 92, 0
6, 8, 0
6, 79, 0
6, 19, 0
6, 17, 0
6, 94, 0
6, 42, 0
6, 22, 0
6, 61, 0
6, 46, 0
6, 70, 0
6, 74, 0
6, 90, 0
6, 55, 0
6, 52, 0
6, 53, 0
6, 71, 0
6, 88, 0
6, 50, 0
6, 60, 0
6, 99, 0
6, 82, 0
6, 9, 0
6, 27, 0
6, 37, 0
6, 58, 0
6, 65, 0
6, 75, 0
6, 78, 0
6, 81, 0
6, 85, 0
6, 96, 0
7, 81, 0
7, 75, 0
7, 36, 0
7, 9, 0
7, 13, 0
7, 50, 0
7, 12, 0
7, 42, 0
7, 63, 0
7, 66, 0
7, 98, 0
7, 64, 0
7, 28, 0
7, 72, 0
7, 34, 0
7, 80, 0
7, 94, 0
7, 41, 0
7, 93, 0
7, 39, 0
7, 27, 0
7, 22, 0
7, 11, 0
7, 97, 0
7, 20, 0
7, 14, 0
7, 88, 0
7, 8, 0
7, 17, 0
7, 23, 0
7, 25, 0
7, 30, 0
7, 31, 0
7, 32, 0
7, 33, 0
7, 43, 0
7, 44, 0
7, 45, 0
7, 49, 0
7, 52, 0
7, 53, 0
7, 55, 0
7, 56, 0
7, 57, 0
7, 58, 0
7, 61, 0
7, 62, 0
7, 65, 0
7, 78, 0
7, 79, 0
7, 83, 0
7, 85, 0
7, 89, 0
7, 91, 0
7, 96, 0
7, 99, 0
7, 100, 0
8, 40, 0
8, 61, 0
8, 72, 0
8, 47, 0
8, 45, 0
8, 21, 0
8, 71, 0
8, 100, 0
8, 94, 0
8, 38, 0
8, 15, 0
8, 74, 0
8, 77, 0
8, 26, 0
8, 37, 0
8, 14, 0
8, 22, 0
8, 24, 0
8, 64, 0
8, 39, 0
8, 31, 0
8, 28, 0
8, 25, 0
8, 9, 0
8, 16, 0
8, 17, 0
8, 23, 0
8, 27, 0
8, 32, 0
8, 33, 0
8, 34, 0
8, 35, 0
8, 36, 0
8, 44, 0
8, 50, 0
8, 52, 0
8, 57, 0
8, 58, 0
8, 66, 0
8, 67, 0
8, 68, 0
8, 70, 0
8, 76, 0
8, 78, 0
8, 86, 0
8, 89, 0
8, 95, 0
8, 96, 0
8, 98, 0
8, 99, 0
9, 20, 0
9, 55, 0
9, 47, 0
9, 52, 0
9, 65, 0
9, 36, 0
9, 51, 0
9, 73, 0
9, 45, 0
9, 29, 0
9, 41, 0
9, 97, 0
9, 100, 0
9, 84, 0
9, 80, 0
9, 25, 0
9, 76, 0
9, 68, 0
9, 12, 0
9, 93, 0
9, 17, 0
9, 24, 0
9, 56, 0
9, 13, 0
9, 31, 0
9, 66, 0
9, 95, 0
9, 57, 0
9, 53, 0
9, 15, 0
9, 27, 0
9, 94, 0
9, 19, 0
9, 62, 0
9, 23, 0
9, 86, 0
9, 67, 0
9, 63, 0
9, 37, 0
9, 18, 0
9, 90, 0
9, 28, 0
9, 54, 0
9, 83, 0
9, 21, 0
9, 16, 0
9, 91, 0
9, 43, 0
9, 87, 0
9, 72, 0
9, 22, 0
9, 30, 0
9, 33, 0
9, 34, 0
9, 40, 0
9, 44, 0
9, 46, 0
9, 49, 0
9, 50, 0
9, 58, 0
9, 59, 0
9, 69, 0
9, 71, 0
9, 79, 0
9, 85, 0
9, 92, 0
9, 96, 0
9, 99, 0
10, 80, 0
10, 21, 0
10, 22, 0
10, 25, 0
10, 26, 0
10, 32, 0
10, 33, 0
10, 39, 0
10, 40, 0
10, 41, 0
10, 43, 0
10, 46, 0
10, 47, 0
10, 51, 0
10, 52, 0
10, 58, 0
10, 62, 0
10, 67, 0
10, 69, 0
10, 73, 0
10, 74, 0
10, 81, 0
10, 84, 0
10, 88, 0
10, 95, 0
11, 25, 0
11, 88, 0
11, 68, 0
11, 65, 0
11, 38, 0
11, 58, 0
11, 57, 0
11, 18, 0
11, 80, 0
11, 74, 0
11, 100, 0
11, 59, 0
11, 17, 0
11, 19, 0
11, 20, 0
11, 23, 0
11, 27, 0
11, 32, 0
11, 33, 0
11, 42, 0
11, 43, 0
11, 44, 0
11, 46, 0
11, 47, 0
11, 49, 0
11, 53, 0
11, 54, 0
11, 55, 0
11, 60, 0
11, 61, 0
11, 62, 0
11, 66, 0
11, 67, 0
11, 69, 0
11, 70, 0
11, 71, 0
11, 72, 0
11, 82, 0
11, 83, 0
11, 84, 0
11, 85, 0
11, 89, 0
11, 94, 0
12, 30, 0
12, 93, 0
12, 85, 0
12, 83, 0
12, 82, 0
12, 13, 0
12, 36, 0
12, 90, 0
12, 59, 0
12, 66, 0
12, 46, 0
12, 47, 0
12, 65, 0
12, 98, 0
12, 41, 0
12, 18, 0
12, 89, 0
12, 91, 0
12, 80, 0
12, 69, 0
12, 20, 0
12, 24, 0
12, 15, 0
12, 64, 0
12, 29, 0
12, 61, 0
12, 28, 0
12, 62, 0
12, 17, 0
12, 94, 0
12, 26, 0
12, 27, 0
12, 33, 0
12, 35, 0
12, 40, 0
12, 44, 0
12, 50, 0
12, 51, 0
12, 53, 0
12, 57, 0
12, 58, 0
12, 60, 0
12, 67, 0
12, 71, 0
12, 72, 0
12, 75, 0
12, 76, 0
12, 84, 0
12, 86, 0
12, 88, 0
12, 95, 0
12, 96, 0
12, 99, 0
13, 28, 0
13, 52, 0
13, 15, 0
13, 16, 0
13, 17, 0
13, 20, 0
13, 25, 0
13, 31, 0
13, 33, 0
13, 34, 0
13, 35, 0
13, 36, 0
13, 37, 0
13, 38, 0
13, 39, 0
13, 41, 0
13, 43, 0
13, 46, 0
13, 47, 0
13, 50, 0
13, 53, 0
13, 54, 0
13, 58, 0
13, 61, 0
13, 62, 0
13, 67, 0
13, 70, 0
13, 71, 0
13, 74, 0
13, 76, 0
13, 78, 0
13, 79, 0
13, 83, 0
13, 85, 0
13, 86, 0
13, 89, 0
13, 93, 0
13, 96, 0
14, 84, 0
14, 43, 0
14, 48, 0
14, 99, 0
14, 45, 0
14, 58, 0
14, 41, 0
14, 18, 0
14, 19, 0
14, 20, 0
14, 23, 0
14, 25, 0
14, 27, 0
14, 30, 0
14, 32, 0
14, 35, 0
14, 37, 0
14, 44, 0
14, 47, 0
14, 49, 0
14, 50, 0
14, 52, 0
14, 57, 0
14, 59, 0
14, 60, 0
14, 62, 0
14, 64, 0
14, 69, 0
14, 71, 0
14, 74, 0
14, 75, 0
14, 78, 0
14, 82, 0
14, 83, 0
14, 85, 0
14, 86, 0
14, 94, 0
14, 95, 0
15, 79, 0
15, 62, 0
15, 96, 0
15, 39, 0
15, 73, 0
15, 27, 0
15, 71, 0
15, 28, 0
15, 76, 0
15, 26, 0
15, 43, 0
15, 37, 0
15, 54, 0
15, 42, 0
15, 66, 0
15, 93, 0
15, 20, 0
15, 64, 0
15, 32, 0
15, 78, 0
15, 80, 0
15, 22, 0
15, 34, 0
15, 72, 0
15, 95, 0
15, 52, 0
15, 88, 0
15, 46, 0
15, 16, 0
15, 31, 0
15, 81, 0
15, 100, 0
15, 24, 0
15, 17, 0
15, 23, 0
15, 30, 0
15, 38, 0
15, 40, 0
15, 44, 0
15, 49, 0
15, 51, 0
15, 57, 0
15, 58, 0
15, 60, 0
15, 69, 0
15, 74, 0
15, 82, 0
15, 84, 0
15, 86, 0
15, 87, 0
15, 94, 0
16, 20, 0
16, 54, 0
16, 78, 0
16, 79, 0
16, 99, 0
16, 32, 0
16, 37, 0
16, 38, 0
16, 58, 0
16, 88, 0
16, 90, 0
16, 50, 0
16, 21, 0
16, 70, 0
16, 91, 0
16, 85, 0
16, 35, 0
16, 19, 0
16, 39, 0
16, 80, 0
16, 44, 0
16, 22, 0
16, 82, 0
16, 95, 0
16, 36, 0
16, 76, 0
16, 98, 0
16, 52, 0
16, 74, 0
16, 53, 0
16, 33, 0
16, 17, 0
16, 23, 0
16, 25, 0
16, 27, 0
16, 30, 0
16, 31, 0
16, 34, 0
16, 40, 0
16, 49, 0
16, 51, 0
16, 66, 0
16, 67, 0
16, 69, 0
16, 71, 0
16, 72, 0
16, 83, 0
16, 84, 0
16, 89, 0
16, 94, 0
16, 97, 0
17, 60, 0
17, 85, 0
17, 80, 0
17, 45, 0
17, 73, 0
17, 42, 0
17, 39, 0
17, 49, 0
17, 62, 0
17, 88, 0
17, 74, 0
17, 33, 0
17, 71, 0
17, 95, 0
17, 83, 0
17, 23, 0
17, 47, 0
17, 61, 0
17, 50, 0
17, 59, 0
17, 56, 0
17, 27, 0
17, 99, 0
17, 82, 0
17, 21, 0
17, 92, 0
17, 68, 0
17, 53, 0
17, 100, 0
17, 22, 0
17, 35, 0
17, 72, 0
17, 44, 0
17, 96, 0
17, 70, 0
17, 48, 0
17, 38, 0
17, 19, 0
17, 26, 0
17, 63, 0
17, 36, 0
17, 67, 0
17, 24, 0
17, 65, 0
17, 34, 0
17, 77, 0
17, 81, 0
17, 78, 0
17, 25, 0
17, 30, 0
17, 37, 0
17, 41, 0
17, 46, 0
17, 52, 0
17, 54, 0
17, 66, 0
17, 76, 0
17, 89, 0
18, 74, 0
18, 69, 0
18, 47, 0
18, 100, 0
18, 33, 0
18, 86, 0
18, 45, 0
18, 78, 0
18, 29, 0
18, 96, 0
18, 91, 0
18, 46, 0
18, 42, 0
18, 19, 0
18, 20, 0
18, 21, 0
18, 22, 0
18, 27, 0
18, 32, 0
18, 34, 0
18, 35, 0
18, 36, 0
18, 38, 0
18, 39, 0
18, 40, 0
18, 44, 0
18, 50, 0
18, 52, 0
18, 53, 0
18, 57, 0
18, 58, 0
18, 60, 0
18, 61, 0
18, 62, 0
18, 67, 0
18, 72, 0
18, 79, 0
18, 80, 0
18, 81, 0
18, 82, 0
18, 89, 0
18, 93, 0
18, 95, 0
18, 98, 0
19, 50, 0
19, 24, 0
19, 75, 0
19, 55, 0
19, 56, 0
19, 74, 0
19, 79, 0
19, 98, 0
19, 38, 0
19, 100, 0
19, 78, 0
19, 20, 0
19, 59, 0
19, 93, 0
19, 27, 0
19, 61, 0
19, 82, 0
19, 31, 0
19, 67, 0
19, 87, 0
19, 60, 0
19, 99, 0
19, 71, 0
19, 95, 0
19, 94, 0
19, 86, 0
19, 92, 0
19, 26, 0
19, 37, 0
19, 21, 0
19, 22, 0
19, 23, 0
19, 33, 0
19, 46, 0
19, 53, 0
19, 54, 0
19, 57, 0
19, 62, 0
19, 64, 0
19, 66, 0
19, 70, 0
19, 76, 0
19, 83, 0
19, 85, 0
19, 88, 0
19, 89, 0
19, 91, 0
19, 96, 0
19, 97, 0
20, 100, 0
20, 53, 0
20, 62, 0
20, 54, 0
20, 43, 0
20, 69, 0
20, 97, 0
20, 26, 0
20, 95, 0
20, 90, 0
20, 70, 0
20, 46, 0
20, 96, 0
20, 41, 0
20, 71, 0
20, 67, 0
20, 63, 0
20, 47, 0
20, 35, 0
20, 72, 0
20, 33, 0
20, 40, 0
20, 25, 0
20, 48, 0
20, 39, 0
20, 74, 0
20, 91, 0
20, 34, 0
20, 38, 0
20, 57, 0
20, 78, 0
20, 55, 0
20, 50, 0
20, 81, 0
20, 61, 0
20, 56, 0
20, 89, 0
20, 99, 0
20, 75, 0
20, 22, 0
20, 23, 0
20, 27, 0
20, 32, 0
20, 37, 0
20, 45, 0
20, 58, 0
20, 60, 0
20, 65, 0
20, 83, 0
20, 84, 0
20, 86, 0
21, 85, 0
21, 50, 0
21, 89, 0
21, 98, 0
21, 78, 0
21, 90, 0
21, 63, 0
21, 100, 0
21, 26, 0
21, 34, 0
21, 67, 0
21, 61, 0
21, 81, 0
21, 76, 0
21, 80, 0
21, 88, 0
21, 92, 0
21, 74, 0
21, 43, 0
21, 99, 0
21, 32, 0
21, 68, 0
21, 39, 0
21, 38, 0
21, 95, 0
21, 97, 0
21, 25, 0
21, 33, 0
21, 37, 0
21, 40, 0
21, 44, 0
21, 48, 0
21, 52, 0
21, 53, 0
21, 58, 0
21, 59, 0
21, 60, 0
21, 65, 0
21, 66, 0
21, 83, 0
21, 84, 0
21, 86, 0
21, 91, 0
21, 94, 0
21, 96, 0
22, 32, 0
22, 99, 0
22, 52, 0
22, 75, 0
22, 92, 0
22, 49, 0
22, 35, 0
22, 73, 0
22, 33, 0
22, 84, 0
22, 97, 0
22, 28, 0
22, 81, 0
22, 53, 0
22, 29, 0
22, 27, 0
22, 46, 0
22, 61, 0
22, 37, 0
22, 57, 0
22, 41, 0
22, 36, 0
22, 55, 0
22, 30, 0
22, 85, 0
22, 100, 0
22, 91, 0
22, 72, 0
22, 83, 0
22, 25, 0
22, 78, 0
22, 51, 0
22, 26, 0
22, 89, 0
22, 38, 0
22, 70, 0
22, 76, 0
22, 67, 0
22, 56, 0
22, 23, 0
22, 40, 0
22, 43, 0
22, 45, 0
22, 47, 0
22, 48, 0
22, 54, 0
22, 58, 0
22, 60, 0
22, 69, 0
22, 71, 0
22, 79, 0
22, 95, 0
22, 96, 0
23, 89, 0
23, 84, 0
23, 29, 0
23, 95, 0
23, 52, 0
23, 66, 0
23, 64, 0
23, 56, 0
23, 27, 0
23, 48, 0
23, 42, 0
23, 90, 0
23, 71, 0
23, 67, 0
23, 53, 0
23, 99, 0
23, 70, 0
23, 28, 0
23, 36, 0
23, 24, 0
23, 37, 0
23, 54, 0
23, 38, 0
23, 91, 0
23, 55, 0
23, 92, 0
23, 60, 0
23, 25, 0
23, 30, 0
23, 31, 0
23, 34, 0
23, 43, 0
23, 45, 0
23, 46, 0
23, 58, 0
23, 59, 0
23, 61, 0
23, 62, 0
23, 69, 0
23, 72, 0
23, 74, 0
23, 79, 0
23, 80, 0
23, 83, 0
23, 85, 0
23, 86, 0
23, 88, 0
23, 94, 0
23, 96, 0
23, 98, 0
24, 28, 0
24, 29, 0
24, 42, 0
24, 32, 0
24, 73, 0
24, 63, 0
24, 83, 0
24, 51, 0
24, 75, 0
24, 64, 0
24, 95, 0
24, 80, 0
24, 54, 0
24, 84, 0
24, 40, 0
24, 68, 0
24, 62, 0
24, 81, 0
24, 69, 0
24, 77, 0
24, 49, 0
24, 67, 0
24, 70, 0
24, 33, 0
24, 37, 0
24, 38, 0
24, 39, 0
24, 43, 0
24, 45, 0
24, 46, 0
24, 50, 0
24, 57, 0
24, 60, 0
24, 65, 0
24, 74, 0
24, 76, 0
24, 79, 0
24, 82, 0
24, 89, 0
24, 91, 0
24, 94, 0
24, 98, 0
24, 99, 0
25, 81, 0
25, 95, 0
25, 77, 0
25, 46, 0
25, 78, 0
25, 73, 0
25, 49, 0
25, 51, 0
25, 96, 0
25, 85, 0
25, 84, 0
25, 79, 0
25, 66, 0
25, 80, 0
25, 89, 0
25, 60, 0
25, 87, 0
25, 52, 0
25, 41, 0
25, 61, 0
25, 100, 0
25, 40, 0
25, 65, 0
25, 54, 0
25, 38, 0
25, 74, 0
25, 53, 0
25, 75, 0
25, 39, 0
25, 37, 0
25, 43, 0
25, 64, 0
25, 32, 0
25, 29, 0
25, 47, 0
25, 63, 0
25, 59, 0
25, 30, 0
25, 28, 0
25, 57, 0
25, 68, 0
25, 56, 0
25, 27, 0
25, 31, 0
25, 33, 0
25, 45, 0
25, 50, 0
25, 62, 0
25, 69, 0
25, 71, 0
25, 76, 0
25, 91, 0
25, 94, 0
25, 97, 0
25, 99, 0
26, 65, 0
26, 96, 0
26, 59, 0
26, 41, 0
26, 99, 0
26, 28, 0
26, 98, 0
26, 55, 0
26, 62, 0
26, 48, 0
26, 52, 0
26, 75, 0
26, 29, 0
26, 95, 0
26, 67, 0
26, 56, 0
26, 69, 0
26, 90, 0
26, 80, 0
26, 46, 0
26, 97, 0
26, 42, 0
26, 71, 0
26, 93, 0
26, 76, 0
26, 72, 0
26, 84, 0
26, 94, 0
26, 36, 0
26, 31, 0
26, 32, 0
26, 33, 0
26, 35, 0
26, 43, 0
26, 44, 0
26, 49, 0
26, 53, 0
26, 54, 0
26, 57, 0
26, 58, 0
26, 60, 0
26, 61, 0
26, 64, 0
26, 73, 0
26, 77, 0
26, 78, 0
26, 81, 0
26, 83, 0
26, 85, 0
26, 86, 0
26, 88, 0
26, 91, 0
27, 33, 0
27, 68, 0
27, 35, 0
27, 83, 0
27, 80, 0
27, 58, 0
27, 66, 0
27, 47, 0
27, 34, 0
27, 86, 0
27, 50, 0
27, 96, 0
27, 61, 0
27, 55, 0
27, 41, 0
27, 56, 0
27, 99, 0
27, 52, 0
27, 48, 0
27, 90, 0
27, 49, 0
27, 40, 0
27, 85, 0
27, 79, 0
27, 62, 0
27, 45, 0
27, 67, 0
27, 30, 0
27, 75, 0
27, 44, 0
27, 84, 0
27, 76, 0
27, 32, 0
27, 43, 0
27, 51, 0
27, 29, 0
27, 77, 0
27, 65, 0
27, 37, 0
27, 59, 0
27, 98, 0
27, 31, 0
27, 82, 0
27, 100, 0
27, 38, 0
27, 39, 0
27, 53, 0
27, 64, 0
27, 74, 0
27, 78, 0
27, 89, 0
27, 94, 0
27, 95, 0
28, 90, 0
28, 50, 0
28, 80, 0
28, 77, 0
28, 32, 0
28, 86, 0
28, 78, 0
28, 61, 0
28, 33, 0
28, 34, 0
28, 39, 0
28, 40, 0
28, 44, 0
28, 46, 0
28, 52, 0
28, 54, 0
28, 55, 0
28, 57, 0
28, 58, 0
28, 66, 0
28, 67, 0
28, 70, 0
28, 71, 0
28, 72, 0
28, 74, 0
28, 76, 0
28, 84, 0
28, 88, 0
28, 89, 0
28, 94, 0
28, 99, 0
29, 30, 0
29, 87, 0
29, 90, 0
29, 84, 0
29, 35, 0
29, 92, 0
29, 93, 0
29, 69, 0
29, 33, 0
29, 34, 0
29, 37, 0
29, 39, 0
29, 41, 0
29, 43, 0
29, 44, 0
29, 46, 0
29, 47, 0
29, 48, 0
29, 50, 0
29, 52, 0
29, 55, 0
29, 60, 0
29, 61, 0
29, 66, 0
29, 67, 0
29, 71, 0
29, 72, 0
29, 83, 0
29, 85, 0
29, 86, 0
29, 91, 0
29, 95, 0
29, 96, 0
29, 100, 0
30, 79, 0
30, 31, 0
30, 92, 0
30, 46, 0
30, 94, 0
30, 69, 0
30, 96, 0
30, 62, 0
30, 70, 0
30, 38, 0
30, 75, 0
30, 45, 0
30, 83, 0
30, 60, 0
30, 68, 0
30, 42, 0
30, 91, 0
30, 88, 0
30, 61, 0
30, 76, 0
30, 99, 0
30, 36, 0
30, 95, 0
30, 71, 0
30, 78, 0
30, 50, 0
30, 98, 0
30, 64, 0
30, 85, 0
30, 82, 0
30, 39, 0
30, 37, 0
30, 55, 0
30, 33, 0
30, 35, 0
30, 41, 0
30, 43, 0
30, 54, 0
30, 57, 0
30, 66, 0
30, 72, 0
30, 74, 0
30, 80, 0
30, 81, 0
30, 84, 0
30, 86, 0
31, 56, 0
31, 91, 0
31, 51, 0
31, 74, 0
31, 99, 0
31, 38, 0
31, 45, 0
31, 77, 0
31, 46, 0
31, 57, 0
31, 89, 0
31, 34, 0
31, 39, 0
31, 43, 0
31, 33, 0
31, 35, 0
31, 37, 0
31, 41, 0
31, 44, 0
31, 50, 0
31, 52, 0
31, 54, 0
31, 55, 0
31, 60, 0
31, 62, 0
31, 88, 0
31, 95, 0
31, 96, 0
31, 100, 0
32, 68, 0
32, 72, 0
32, 79, 0
32, 52, 0
32, 83, 0
32, 63, 0
32, 70, 0
32, 36, 0
32, 44, 0
32, 61, 0
32, 91, 0
32, 69, 0
32, 76, 0
32, 66, 0
32, 78, 0
32, 51, 0
32, 77, 0
32, 95, 0
32, 40, 0
32, 56, 0
32, 99, 0
32, 67, 0
32, 57, 0
32, 39, 0
32, 88, 0
32, 87, 0
32, 80, 0
32, 43, 0
32, 49, 0
32, 97, 0
32, 93, 0
32, 38, 0
32, 48, 0
32, 58, 0
32, 53, 0
32, 59, 0
32, 55, 0
32, 33, 0
32, 34, 0
32, 41, 0
32, 46, 0
32, 47, 0
32, 54, 0
32, 60, 0
32, 71, 0
32, 75, 0
32, 81, 0
32, 86, 0
32, 89, 0
32, 94, 0
32, 96, 0
32, 98, 0
32, 100, 0
33, 46, 0
33, 86, 0
33, 85, 0
33, 68, 0
33, 51, 0
33, 90, 0
33, 92, 0
33, 54, 0
33, 89, 0
33, 76, 0
33, 53, 0
33, 52, 0
33, 98, 0
33, 63, 0
33, 83, 0
33, 66, 0
33, 73, 0
33, 44, 0
33, 42, 0
33, 88, 0
33, 74, 0
33, 34, 0
33, 47, 0
33, 38, 0
33, 36, 0
33, 97, 0
33, 80, 0
33, 79, 0
33, 81, 0
33, 67, 0
33, 43, 0
33, 75, 0
33, 45, 0
33, 94, 0
33, 62, 0
33, 48, 0
33, 40, 0
33, 39, 0
33, 64, 0
33, 49, 0
33, 72, 0
33, 60, 0
33, 84, 0
33, 35, 0
33, 37, 0
33, 57, 0
33, 58, 0
33, 61, 0
33, 71, 0
33, 78, 0
33, 82, 0
33, 95, 0
33, 96, 0
34, 43, 0
34, 96, 0
34, 60, 0
34, 67, 0
34, 56, 0
34, 72, 0
34, 47, 0
34, 63, 0
34, 40, 0
34, 86, 0
34, 90, 0
34, 45, 0
34, 52, 0
34, 65, 0
34, 71, 0
34, 58, 0
34, 80, 0
34, 44, 0
34, 59, 0
34, 87, 0
34, 77, 0
34, 98, 0
34, 74, 0
34, 35, 0
34, 37, 0
34, 39, 0
34, 46, 0
34, 50, 0
34, 53, 0
34, 54, 0
34, 57, 0
34, 62, 0
34, 68, 0
34, 69, 0
34, 70, 0
34, 78, 0
34, 79, 0
34, 88, 0
34, 95, 0
35, 68, 0
35, 89, 0
35, 65, 0
35, 98, 0
35, 61, 0
35, 45, 0
35, 74, 0
35, 52, 0
35, 38, 0
35, 40, 0
35, 43, 0
35, 44, 0
35, 50, 0
35, 51, 0
35, 55, 0
35, 67, 0
35, 71, 0
35, 72, 0
35, 76, 0
35, 82, 0
35, 83, 0
35, 84, 0
35, 92, 0
35, 99, 0
36, 38, 0
36, 53, 0
36, 60, 0
36, 67, 0
36, 71, 0
36, 75, 0
36, 56, 0
36, 39, 0
36, 63, 0
36, 84, 0
36, 90, 0
36, 81, 0
36, 100, 0
36, 77, 0
36, 62, 0
36, 47, 0
36, 43, 0
36, 55, 0
36, 37, 0
36, 46, 0
36, 49, 0
36, 54, 0
36, 59, 0
36, 64, 0
36, 69, 0
36, 73, 0
36, 76, 0
36, 79, 0
36, 87, 0
36, 94, 0
36, 95, 0
36, 98, 0
36, 99, 0
37, 62, 0
37, 46, 0
37, 71, 0
37, 51, 0
37, 80, 0
37, 41, 0
37, 98, 0
37, 85, 0
37, 65, 0
37, 74, 0
37, 50, 0
37, 91, 0
37, 81, 0
37, 76, 0
37, 45, 0
37, 89, 0
37, 75, 0
37, 77, 0
37, 57, 0
37, 49, 0
37, 99, 0
37, 79, 0
37, 52, 0
37, 55, 0
37, 94, 0
37, 88, 0
37, 84, 0
37, 39, 0
37, 43, 0
37, 44, 0
37, 54, 0
37, 60, 0
37, 69, 0
37, 70, 0
37, 72, 0
37, 73, 0
37, 78, 0
37, 86, 0
37, 87, 0
37, 96, 0
38, 65, 0
38, 85, 0
38, 77, 0
38, 42, 0
38, 45, 0
38, 70, 0
38, 46, 0
38, 53, 0
38, 78, 0
38, 74, 0
38, 43, 0
38, 40, 0
38, 72, 0
38, 81, 0
38, 58, 0
38, 69, 0
38, 49, 0
38, 52, 0
38, 86, 0
38, 50, 0
38, 48, 0
38, 59, 0
38, 67, 0
38, 91, 0
38, 60, 0
38, 89, 0
38, 54, 0
38, 93, 0
38, 66, 0
38, 100, 0
38, 87, 0
38, 39, 0
38, 71, 0
38, 92, 0
38, 82, 0
38, 97, 0
38, 56, 0
38, 41, 0
38, 44, 0
38, 47, 0
38, 55, 0
38, 61, 0
38, 62, 0
38, 76, 0
38, 83, 0
38, 84, 0
38, 88, 0
38, 90, 0
38, 94, 0
38, 96, 0
38, 99, 0
39, 55, 0
39, 99, 0
39, 80, 0
39, 78, 0
39, 44, 0
39, 100, 0
39, 56, 0
39, 63, 0
39, 94, 0
39, 49, 0
39, 82, 0
39, 59, 0
39, 52, 0
39, 48, 0
39, 43, 0
39, 79, 0
39, 62, 0
39, 90, 0
39, 72, 0
39, 57, 0
39, 98, 0
39, 46, 0
39, 95, 0
39, 77, 0
39, 47, 0
39, 45, 0
39, 70, 0
39, 85, 0
39, 69, 0
39, 81, 0
39, 65, 0
39, 53, 0
39, 60, 0
39, 40, 0
39, 61, 0
39, 64, 0
39, 66, 0
39, 73, 0
39, 83, 0
39, 84, 0
39, 86, 0
39, 89, 0
39, 91, 0
39, 96, 0
40, 80, 0
40, 97, 0
40, 55, 0
40, 69, 0
40, 63, 0
40, 73, 0
40, 99, 0
40, 90, 0
40, 100, 0
40, 41, 0
40, 56, 0
40, 72, 0
40, 91, 0
40, 94, 0
40, 89, 0
40, 82, 0
40, 65, 0
40, 43, 0
40, 78, 0
40, 52, 0
40, 75, 0
40, 51, 0
40, 42, 0
40, 76, 0
40, 98, 0
40, 60, 0
40, 57, 0
40, 45, 0
40, 96, 0
40, 53, 0
40, 83, 0
40, 46, 0
40, 68, 0
40, 79, 0
40, 50, 0
40, 67, 0
40, 44, 0
40, 93, 0
40, 54, 0
40, 62, 0
40, 64, 0
40, 81, 0
40, 84, 0
40, 85, 0
40, 88, 0
40, 95, 0
41, 68, 0
41, 84, 0
41, 87, 0
41, 46, 0
41, 51, 0
41, 73, 0
41, 62, 0
41, 48, 0
41, 76, 0
41, 98, 0
41, 85, 0
41, 54, 0
41, 55, 0
41, 70, 0
41, 81, 0
41, 42, 0
41, 88, 0
41, 47, 0
41, 58, 0
41, 65, 0
41, 59, 0
41, 75, 0
41, 80, 0
41, 67, 0
41, 89, 0
41, 77, 0
41, 44, 0
41, 96, 0
41, 43, 0
41, 53, 0
41, 57, 0
41, 60, 0
41, 61, 0
41, 69, 0
41, 71, 0
41, 72, 0
41, 78, 0
41, 79, 0
41, 82, 0
41, 83, 0
41, 95, 0
42, 54, 0
42, 43, 0
42, 52, 0
42, 53, 0
42, 55, 0
42, 57, 0
42, 60, 0
42, 61, 0
42, 66, 0
42, 67, 0
42, 69, 0
42, 70, 0
42, 74, 0
42, 75, 0
42, 78, 0
42, 79, 0
42, 81, 0
42, 82, 0
42, 83, 0
42, 85, 0
42, 86, 0
42, 89, 0
42, 94, 0
42, 95, 0
42, 96, 0
42, 99, 0
43, 84, 0
43, 85, 0
43, 80, 0
43, 73, 0
43, 88, 0
43, 59, 0
43, 66, 0
43, 91, 0
43, 71, 0
43, 98, 0
43, 60, 0
43, 82, 0
43, 49, 0
43, 48, 0
43, 51, 0
43, 76, 0
43, 54, 0
43, 79, 0
43, 89, 0
43, 55, 0
43, 77, 0
43, 72, 0
43, 52, 0
43, 78, 0
43, 61, 0
43, 67, 0
43, 87, 0
43, 44, 0
43, 63, 0
43, 56, 0
43, 93, 0
43, 100, 0
43, 50, 0
43, 57, 0
43, 58, 0
43, 70, 0
43, 74, 0
43, 75, 0
43, 90, 0
43, 94, 0
43, 96, 0
43, 99, 0
44, 51, 0
44, 57, 0
44, 69, 0
44, 75, 0
44, 50, 0
44, 92, 0
44, 46, 0
44, 68, 0
44, 64, 0
44, 60, 0
44, 95, 0
44, 100, 0
44, 45, 0
44, 78, 0
44, 62, 0
44, 67, 0
44, 83, 0
44, 90, 0
44, 54, 0
44, 63, 0
44, 55, 0
44, 77, 0
44, 73, 0
44, 47, 0
44, 65, 0
44, 87, 0
44, 85, 0
44, 79, 0
44, 81, 0
44, 96, 0
44, 84, 0
44, 88, 0
44, 93, 0
44, 80, 0
44, 49, 0
44, 52, 0
44, 53, 0
44, 58, 0
44, 66, 0
44, 71, 0
44, 72, 0
44, 76, 0
44, 98, 0
44, 99, 0
45, 98, 0
45, 93, 0
45, 69, 0
45, 87, 0
45, 51, 0
45, 50, 0
45, 46, 0
45, 52, 0
45, 59, 0
45, 60, 0
45, 88, 0
45, 74, 0
45, 68, 0
45, 49, 0
45, 97, 0
45, 92, 0
45, 96, 0
45, 53, 0
45, 55, 0
45, 57, 0
45, 64, 0
45, 65, 0
45, 70, 0
45, 71, 0
45, 72, 0
45, 86, 0
45, 89, 0
45, 94, 0
45, 99, 0
45, 100, 0
46, 59, 0
46, 92, 0
46, 75, 0
46, 79, 0
46, 80, 0
46, 71, 0
46, 65, 0
46, 58, 0
46, 89, 0
46, 63, 0
46, 50, 0
46, 91, 0
46, 51, 0
46, 52, 0
46, 60, 0
46, 49, 0
46, 53, 0
46, 78, 0
46, 88, 0
46, 97, 0
46, 48, 0
46, 96, 0
46, 85, 0
46, 100, 0
46, 57, 0
46, 74, 0
46, 95, 0
46, 81, 0
46, 47, 0
46, 68, 0
46, 90, 0
46, 55, 0
46, 64, 0
46, 66, 0
46, 72, 0
46, 82, 0
46, 83, 0
46, 84, 0
46, 86, 0
46, 93, 0
47, 95, 0
47, 72, 0
47, 97, 0
47, 68, 0
47, 79, 0
47, 65, 0
47, 53, 0
47, 100, 0
47, 83, 0
47, 94, 0
47, 82, 0
47, 50, 0
47, 54, 0
47, 55, 0
47, 56, 0
47, 57, 0
47, 59, 0
47, 60, 0
47, 64, 0
47, 67, 0
47, 71, 0
47, 75, 0
47, 81, 0
47, 84, 0
47, 85, 0
47, 86, 0
47, 88, 0
47, 89, 0
47, 90, 0
47, 91, 0
47, 98, 0
47, 99, 0
48, 96, 0
48, 94, 0
48, 53, 0
48, 50, 0
48, 64, 0
48, 79, 0
48, 58, 0
48, 70, 0
48, 84, 0
48, 56, 0
48, 81, 0
48, 98, 0
48, 55, 0
48, 52, 0
48, 54, 0
48, 60, 0
48, 62, 0
48, 63, 0
48, 73, 0
48, 76, 0
48, 83, 0
48, 86, 0
48, 87, 0
48, 88, 0
48, 89, 0
48, 97, 0
49, 98, 0
49, 69, 0
49, 87, 0
49, 59, 0
49, 90, 0
49, 89, 0
49, 53, 0
49, 54, 0
49, 67, 0
49, 77, 0
49, 85, 0
49, 50, 0
49, 56, 0
49, 58, 0
49, 60, 0
49, 61, 0
49, 63, 0
49, 68, 0
49, 72, 0
49, 74, 0
49, 75, 0
49, 76, 0
49, 78, 0
49, 80, 0
49, 81, 0
49, 84, 0
49, 86, 0
49, 91, 0
49, 92, 0
49, 94, 0
50, 99, 0
50, 62, 0
50, 53, 0
50, 85, 0
50, 73, 0
50, 57, 0
50, 98, 0
50, 52, 0
50, 92, 0
50, 83, 0
50, 66, 0
50, 89, 0
50, 71, 0
50, 54, 0
50, 84, 0
50, 93, 0
50, 96, 0
50, 56, 0
50, 51, 0
50, 78, 0
50, 72, 0
50, 74, 0
50, 64, 0
50, 87, 0
50, 79, 0
50, 94, 0
50, 67, 0
50, 59, 0
50, 76, 0
50, 61, 0
50, 69, 0
50, 70, 0
50, 86, 0
50, 91, 0
50, 100, 0
51, 85, 0
51, 100, 0
51, 52, 0
51, 54, 0
51, 57, 0
51, 58, 0
51, 62, 0
51, 71, 0
51, 72, 0
51, 75, 0
51, 76, 0
51, 78, 0
51, 81, 0
51, 82, 0
51, 83, 0
51, 84, 0
51, 88, 0
51, 90, 0
51, 91, 0
51, 95, 0
51, 98, 0
52, 59, 0
52, 73, 0
52, 54, 0
52, 65, 0
52, 64, 0
52, 72, 0
52, 89, 0
52, 53, 0
52, 98, 0
52, 97, 0
52, 92, 0
52, 94, 0
52, 70, 0
52, 57, 0
52, 76, 0
52, 95, 0
52, 82, 0
52, 85, 0
52, 87, 0
52, 60, 0
52, 58, 0
52, 61, 0
52, 62, 0
52, 67, 0
52, 69, 0
52, 74, 0
52, 79, 0
52, 81, 0
52, 86, 0
52, 93, 0
53, 63, 0
53, 90, 0
53, 62, 0
53, 96, 0
53, 67, 0
53, 79, 0
53, 92, 0
53, 61, 0
53, 97, 0
53, 80, 0
53, 78, 0
53, 74, 0
53, 71, 0
53, 99, 0
53, 84, 0
53, 91, 0
53, 76, 0
53, 86, 0
53, 60, 0
53, 56, 0
53, 93, 0
53, 73, 0
53, 55, 0
53, 57, 0
53, 58, 0
53, 59, 0
53, 64, 0
53, 72, 0
53, 75, 0
53, 85, 0
53, 89, 0
53, 100, 0
54, 77, 0
54, 74, 0
54, 61, 0
54, 55, 0
54, 89, 0
54, 57, 0
54, 76, 0
54, 73, 0
54, 66, 0
54, 99, 0
54, 84, 0
54, 72, 0
54, 95, 0
54, 85, 0
54, 59, 0
54, 71, 0
54, 60, 0
54, 88, 0
54, 65, 0
54, 94, 0
54, 87, 0
54, 56, 0
54, 67, 0
54, 100, 0
54, 79, 0
54, 86, 0
54, 78, 0
54, 93, 0
54, 68, 0
54, 58, 0
54, 70, 0
54, 80, 0
54, 82, 0
54, 90, 0
54, 96, 0
55, 71, 0
55, 68, 0
55, 95, 0
55, 86, 0
55, 62, 0
55, 57, 0
55, 93, 0
55, 75, 0
55, 100, 0
55, 64, 0
55, 70, 0
55, 88, 0
55, 69, 0
55, 92, 0
55, 97, 0
55, 58, 0
55, 60, 0
55, 66, 0
55, 72, 0
55, 73, 0
55, 74, 0
55, 76, 0
55, 78, 0
55, 82, 0
55, 83, 0
55, 84, 0
55, 94, 0
55, 99, 0
56, 96, 0
56, 95, 0
56, 68, 0
56, 92, 0
56, 57, 0
56, 58, 0
56, 83, 0
56, 73, 0
56, 76, 0
56, 78, 0
56, 60, 0
56, 62, 0
56, 64, 0
56, 67, 0
56, 69, 0
56, 70, 0
56, 71, 0
56, 72, 0
56, 74, 0
56, 80, 0
56, 81, 0
56, 82, 0
56, 84, 0
56, 88, 0
56, 89, 0
56, 93, 0
56, 99, 0
57, 93, 0
57, 65, 0
57, 78, 0
57, 69, 0
57, 62, 0
57, 86, 0
57, 94, 0
57, 88, 0
57, 58, 0
57, 71, 0
57, 80, 0
57, 76, 0
57, 100, 0
57, 90, 0
57, 75, 0
57, 79, 0
57, 66, 0
57, 59, 0
57, 70, 0
57, 64, 0
57, 85, 0
57, 74, 0
57, 61, 0
57, 84, 0
57, 92, 0
57, 89, 0
57, 60, 0
57, 63, 0
57, 67, 0
57, 72, 0
57, 81, 0
57, 87, 0
57, 95, 0
57, 97, 0
57, 98, 0
57, 99, 0
58, 72, 0
58, 68, 0
58, 74, 0
58, 73, 0
58, 75, 0
58, 100, 0
58, 79, 0
58, 62, 0
58, 97, 0
58, 61, 0
58, 80, 0
58, 78, 0
58, 60, 0
58, 82, 0
58, 98, 0
58, 69, 0
58, 94, 0
58, 90, 0
58, 59, 0
58, 83, 0
58, 66, 0
58, 99, 0
58, 88, 0
58, 65, 0
58, 81, 0
58, 76, 0
58, 67, 0
58, 71, 0
58, 85, 0
58, 86, 0
58, 91, 0
58, 95, 0
58, 96, 0
59, 92, 0
59, 65, 0
59, 79, 0
59, 99, 0
59, 76, 0
59, 82, 0
59, 89, 0
59, 85, 0
59, 90, 0
59, 84, 0
59, 71, 0
59, 62, 0
59, 63, 0
59, 60, 0
59, 61, 0
59, 67, 0
59, 69, 0
59, 72, 0
59, 74, 0
59, 80, 0
59, 86, 0
59, 88, 0
59, 91, 0
59, 96, 0
60, 67, 0
60, 65, 0
60, 78, 0
60, 91, 0
60, 80, 0
60, 97, 0
60, 76, 0
60, 75, 0
60, 71, 0
60, 74, 0
60, 95, 0
60, 85, 0
60, 89, 0
60, 66, 0
60, 62, 0
60, 84, 0
60, 63, 0
60, 68, 0
60, 94, 0
60, 64, 0
60, 100, 0
60, 93, 0
60, 79, 0
60, 73, 0
60, 61, 0
60, 72, 0
60, 82, 0
60, 83, 0
60, 86, 0
60, 99, 0
61, 86, 0
61, 62, 0
61, 70, 0
61, 79, 0
61, 71, 0
61, 98, 0
61, 82, 0
61, 84, 0
61, 69, 0
61, 85, 0
61, 92, 0
61, 68, 0
61, 74, 0
61, 83, 0
61, 73, 0
61, 90, 0
61, 75, 0
61, 99, 0
61, 72, 0
61, 81, 0
61, 76, 0
61, 64, 0
61, 100, 0
61, 67, 0
61, 93, 0
61, 94, 0
61, 96, 0
62, 89, 0
62, 76, 0
62, 84, 0
62, 83, 0
62, 72, 0
62, 81, 0
62, 82, 0
62, 94, 0
62, 100, 0
62, 87, 0
62, 77, 0
62, 68, 0
62, 91, 0
62, 85, 0
62, 74, 0
62, 73, 0
62, 64, 0
62, 79, 0
62, 65, 0
62, 90, 0
62, 86, 0
62, 63, 0
62, 66, 0
62, 67, 0
62, 71, 0
62, 75, 0
62, 78, 0
62, 80, 0
62, 92, 0
62, 95, 0
63, 72, 0
63, 76, 0
63, 96, 0
63, 64, 0
63, 69, 0
63, 74, 0
63, 75, 0
63, 81, 0
63, 82, 0
63, 83, 0
63, 89, 0
63, 92, 0
64, 98, 0
64, 78, 0
64, 85, 0
64, 76, 0
64, 77, 0
64, 65, 0
64, 79, 0
64, 66, 0
64, 87, 0
64, 80, 0
64, 94, 0
64, 91, 0
64, 83, 0
64, 73, 0
64, 92, 0
64, 86, 0
64, 67, 0
64, 68, 0
64, 69, 0
64, 72, 0
64, 82, 0
64, 84, 0
64, 89, 0
64, 95, 0
64, 96, 0
64, 99, 0
65, 95, 0
65, 69, 0
65, 68, 0
65, 71, 0
65, 97, 0
65, 77, 0
65, 82, 0
65, 93, 0
65, 84, 0
65, 73, 0
65, 70, 0
65, 74, 0
65, 75, 0
65, 76, 0
65, 78, 0
65, 79, 0
65, 83, 0
65, 88, 0
65, 94, 0
65, 96, 0
65, 98, 0
65, 99, 0
65, 100, 0
66, 79, 0
66, 90, 0
66, 99, 0
66, 74, 0
66, 77, 0
66, 85, 0
66, 75, 0
66, 86, 0
66, 70, 0
66, 93, 0
66, 71, 0
66, 92, 0
66, 67, 0
66, 87, 0
66, 98, 0
66, 69, 0
66, 76, 0
66, 80, 0
66, 81, 0
66, 83, 0
66, 84, 0
66, 88, 0
66, 89, 0
66, 91, 0
66, 94, 0
66, 96, 0
66, 97, 0
67, 78, 0
67, 97, 0
67, 85, 0
67, 68, 0
67, 87, 0
67, 69, 0
67, 72, 0
67, 83, 0
67, 89, 0
67, 100, 0
67, 79, 0
67, 96, 0
67, 71, 0
67, 75, 0
67, 86, 0
67, 94, 0
67, 99, 0
68, 69, 0
68, 71, 0
68, 72, 0
68, 74, 0
68, 79, 0
68, 83, 0
68, 85, 0
68, 89, 0
68, 91, 0
68, 93, 0
68, 94, 0
68, 95, 0
68, 96, 0
69, 75, 0
69, 92, 0
69, 98, 0
69, 86, 0
69, 96, 0
69, 81, 0
69, 95, 0
69, 90, 0
69, 70, 0
69, 73, 0
69, 71, 0
69, 78, 0
69, 88, 0
69, 74, 0
69, 72, 0
69, 77, 0
69, 79, 0
69, 83, 0
69, 89, 0
69, 97, 0
69, 99, 0
70, 99, 0
70, 72, 0
70, 74, 0
70, 97, 0
70, 91, 0
70, 79, 0
70, 82, 0
70, 81, 0
70, 100, 0
70, 78, 0
70, 85, 0
70, 87, 0
70, 88, 0
70, 89, 0
70, 94, 0
70, 96, 0
71, 86, 0
71, 80, 0
71, 93, 0
71, 75, 0
71, 94, 0
71, 100, 0
71, 92, 0
71, 84, 0
71, 76, 0
71, 99, 0
71, 88, 0
71, 87, 0
71, 81, 0
71, 95, 0
71, 74, 0
71, 89, 0
71, 72, 0
71, 91, 0
71, 79, 0
71, 82, 0
71, 83, 0
71, 85, 0
71, 96, 0
71, 98, 0
72, 75, 0
72, 76, 0
72, 74, 0
72, 86, 0
72, 82, 0
72, 83, 0
72, 81, 0
72, 97, 0
72, 73, 0
72, 78, 0
72, 89, 0
72, 80, 0
72, 79, 0
72, 77, 0
72, 90, 0
72, 93, 0
72, 85, 0
72, 98, 0
73, 92, 0
73, 84, 0
73, 74, 0
73, 79, 0
73, 81, 0
73, 87, 0
73, 88, 0
73, 91, 0
73, 95, 0
73, 99, 0
74, 85, 0
74, 98, 0
74, 92, 0
74, 94, 0
74, 91, 0
74, 77, 0
74, 97, 0
74, 75, 0
74, 82, 0
74, 79, 0
74, 88, 0
74, 89, 0
74, 100, 0
74, 87, 0
74, 78, 0
74, 81, 0
74, 84, 0
74, 99, 0
75, 79, 0
75, 85, 0
75, 95, 0
75, 97, 0
75, 83, 0
75, 80, 0
75, 94, 0
75, 81, 0
75, 82, 0
75, 86, 0
75, 96, 0
75, 99, 0
76, 81, 0
76, 87, 0
76, 78, 0
76, 79, 0
76, 77, 0
76, 80, 0
76, 82, 0
76, 83, 0
76, 84, 0
76, 85, 0
76, 86, 0
76, 89, 0
76, 92, 0
76, 95, 0
76, 98, 0
77, 78, 0
77, 79, 0
77, 81, 0
77, 83, 0
77, 84, 0
77, 86, 0
77, 87, 0
77, 88, 0
77, 89, 0
77, 94, 0
77, 96, 0
77, 97, 0
77, 98, 0
77, 100, 0
78, 80, 0
78, 96, 0
78, 91, 0
78, 85, 0
78, 79, 0
78, 81, 0
78, 83, 0
78, 93, 0
78, 95, 0
78, 97, 0
78, 98, 0
79, 97, 0
79, 90, 0
79, 93, 0
79, 95, 0
79, 99, 0
79, 82, 0
79, 81, 0
79, 100, 0
79, 94, 0
79, 92, 0
79, 89, 0
79, 84, 0
79, 83, 0
79, 85, 0
79, 86, 0
79, 88, 0
80, 97, 0
80, 96, 0
80, 93, 0
80, 100, 0
80, 86, 0
80, 88, 0
80, 81, 0
80, 83, 0
80, 94, 0
80, 99, 0
81, 96, 0
81, 92, 0
81, 88, 0
81, 91, 0
81, 95, 0
81, 85, 0
81, 99, 0
81, 83, 0
81, 90, 0
81, 100, 0
81, 86, 0
81, 97, 0
82, 90, 0
82, 98, 0
82, 86, 0
82, 91, 0
82, 88, 0
82, 83, 0
82, 97, 0
82, 95, 0
82, 99, 0
82, 94, 0
82, 87, 0
82, 84, 0
82, 85, 0
82, 89, 0
83, 100, 0
83, 95, 0
83, 90, 0
83, 92, 0
83, 84, 0
83, 93, 0
83, 97, 0
83, 87, 0
83, 88, 0
83, 94, 0
83, 86, 0
83, 99, 0
83, 96, 0
83, 89, 0
83, 85, 0
83, 98, 0
84, 89, 0
84, 94, 0
84, 91, 0
84, 97, 0
84, 100, 0
84, 99, 0
84, 86, 0
84, 88, 0
84, 93, 0
84, 95, 0
84, 96, 0
85, 96, 0
85, 91, 0
85, 100, 0
85, 94, 0
85, 92, 0
85, 88, 0
85, 95, 0
85, 97, 0
85, 93, 0
85, 86, 0
85, 89, 0
86, 97, 0
86, 91, 0
86, 92, 0
86, 94, 0
86, 87, 0
86, 88, 0
86, 93, 0
86, 95, 0
86, 99, 0
87, 95, 0
87, 91, 0
87, 89, 0
87, 93, 0
87, 96, 0
87, 98, 0
87, 100, 0
88, 97, 0
88, 95, 0
88, 91, 0
88, 92, 0
88, 89, 0
88, 94, 0
88, 98, 0
88, 99, 0
88, 100, 0
89, 95, 0
89, 97, 0
89, 93, 0
89, 98, 0
89, 90, 0
89, 100, 0
89, 91, 0
90, 91, 0
90, 95, 0
90, 99, 0
91, 96, 0
91, 99, 0
91, 98, 0
92, 95, 0
92, 96, 0
92, 99, 0
93, 98, 0
93, 94, 0
93, 95, 0
93, 96, 0
93, 99, 0
94, 99, 0
94, 100, 0
94, 97, 0
94, 95, 0
94, 98, 0
95, 96, 0
95, 97, 0
95, 99, 0
95, 100, 0
96, 99, 0
96, 98, 0
96, 97, 0
96, 100, 0
97, 100, 0
97, 99, 0
98, 100, 0
